<Qucs Dataset 0.0.19>
<indep time 201>
  +0.00000000000000000000e+000
  +2.99999999999999965249e-006
  +5.99999999999999930497e-006
  +8.99999999999999853394e-006
  +1.19999999999999986099e-005
  +1.49999999999999986859e-005
  +1.79999999999999970679e-005
  +2.09999999999999988380e-005
  +2.39999999999999972199e-005
  +2.69999999999999989900e-005
  +2.99999999999999973719e-005
  +3.29999999999999957538e-005
  +3.59999999999999941358e-005
  +3.89999999999999992940e-005
  +4.19999999999999976759e-005
  +4.49999999999999960578e-005
  +4.79999999999999944398e-005
  +5.09999999999999928217e-005
  +5.39999999999999979799e-005
  +5.69999999999999963619e-005
  +5.99999999999999947438e-005
  +6.29999999999999999020e-005
  +6.59999999999999915077e-005
  +6.89999999999999966659e-005
  +7.19999999999999882715e-005
  +7.49999999999999934297e-005
  +7.79999999999999985879e-005
  +8.09999999999999901936e-005
  +8.39999999999999953518e-005
  +8.69999999999999869575e-005
  +8.99999999999999921157e-005
  +9.29999999999999972739e-005
  +9.59999999999999888796e-005
  +9.89999999999999940378e-005
  +1.01999999999999985643e-004
  +1.04999999999999990802e-004
  +1.07999999999999995960e-004
  +1.10999999999999987566e-004
  +1.13999999999999992724e-004
  +1.16999999999999984329e-004
  +1.19999999999999989488e-004
  +1.22999999999999981093e-004
  +1.25999999999999999804e-004
  +1.28999999999999991410e-004
  +1.31999999999999983015e-004
  +1.34999999999999974621e-004
  +1.37999999999999993332e-004
  +1.40999999999999984937e-004
  +1.43999999999999976543e-004
  +1.46999999999999995254e-004
  +1.49999999999999986859e-004
  +1.52999999999999978465e-004
  +1.55999999999999997176e-004
  +1.58999999999999988782e-004
  +1.61999999999999980387e-004
  +1.64999999999999999098e-004
  +1.67999999999999990704e-004
  +1.70999999999999982309e-004
  +1.73999999999999973915e-004
  +1.76999999999999992626e-004
  +1.79999999999999984231e-004
  +1.82999999999999975837e-004
  +1.85999999999999994548e-004
  +1.88999999999999986153e-004
  +1.91999999999999977759e-004
  +1.94999999999999969365e-004
  +1.97999999999999988076e-004
  +2.00999999999999979681e-004
  +2.03999999999999971287e-004
  +2.06999999999999989998e-004
  +2.09999999999999981603e-004
  +2.12999999999999973209e-004
  +2.15999999999999991920e-004
  +2.18999999999999983525e-004
  +2.21999999999999975131e-004
  +2.24999999999999993842e-004
  +2.27999999999999985447e-004
  +2.30999999999999977053e-004
  +2.33999999999999968659e-004
  +2.36999999999999987369e-004
  +2.39999999999999978975e-004
  +2.42999999999999970581e-004
  +2.45999999999999962186e-004
  +2.48999999999999980897e-004
  +2.51999999999999999608e-004
  +2.54999999999999964109e-004
  +2.57999999999999982819e-004
  +2.61000000000000001530e-004
  +2.63999999999999966031e-004
  +2.66999999999999984741e-004
  +2.69999999999999949242e-004
  +2.72999999999999967953e-004
  +2.75999999999999986663e-004
  +2.78999999999999951164e-004
  +2.81999999999999969875e-004
  +2.84999999999999988586e-004
  +2.87999999999999953086e-004
  +2.90999999999999971797e-004
  +2.93999999999999990508e-004
  +2.96999999999999955008e-004
  +2.99999999999999973719e-004
  +3.02999999999999992430e-004
  +3.05999999999999956930e-004
  +3.08999999999999975641e-004
  +3.11999999999999994352e-004
  +3.14999999999999958852e-004
  +3.17999999999999977563e-004
  +3.20999999999999996274e-004
  +3.23999999999999960774e-004
  +3.26999999999999979485e-004
  +3.29999999999999998196e-004
  +3.32999999999999962697e-004
  +3.35999999999999981407e-004
  +3.38999999999999945908e-004
  +3.41999999999999964619e-004
  +3.44999999999999983329e-004
  +3.47999999999999947830e-004
  +3.50999999999999966541e-004
  +3.53999999999999985251e-004
  +3.56999999999999949752e-004
  +3.59999999999999968463e-004
  +3.62999999999999987173e-004
  +3.65999999999999951674e-004
  +3.68999999999999970385e-004
  +3.71999999999999989096e-004
  +3.74999999999999953596e-004
  +3.77999999999999972307e-004
  +3.80999999999999991018e-004
  +3.83999999999999955518e-004
  +3.86999999999999974229e-004
  +3.89999999999999938730e-004
  +3.92999999999999957440e-004
  +3.95999999999999976151e-004
  +3.98999999999999940652e-004
  +4.01999999999999959362e-004
  +4.04999999999999978073e-004
  +4.07999999999999942574e-004
  +4.10999999999999961284e-004
  +4.13999999999999979995e-004
  +4.16999999999999944496e-004
  +4.19999999999999963207e-004
  +4.22999999999999981917e-004
  +4.25999999999999946418e-004
  +4.28999999999999965129e-004
  +4.31999999999999983839e-004
  +4.34999999999999948340e-004
  +4.37999999999999967051e-004
  +4.40999999999999985761e-004
  +4.43999999999999950262e-004
  +4.46999999999999968973e-004
  +4.49999999999999987683e-004
  +4.52999999999999952184e-004
  +4.55999999999999970895e-004
  +4.58999999999999935395e-004
  +4.61999999999999954106e-004
  +4.64999999999999972817e-004
  +4.67999999999999937318e-004
  +4.70999999999999956028e-004
  +4.73999999999999974739e-004
  +4.76999999999999939240e-004
  +4.79999999999999957950e-004
  +4.82999999999999976661e-004
  +4.85999999999999941162e-004
  +4.88999999999999959872e-004
  +4.91999999999999924373e-004
  +4.94999999999999997294e-004
  +4.97999999999999961794e-004
  +5.00999999999999926295e-004
  +5.03999999999999999216e-004
  +5.06999999999999963717e-004
  +5.09999999999999928217e-004
  +5.13000000000000001138e-004
  +5.15999999999999965639e-004
  +5.18999999999999930139e-004
  +5.22000000000000003060e-004
  +5.24999999999999967561e-004
  +5.27999999999999932061e-004
  +5.31000000000000004982e-004
  +5.33999999999999969483e-004
  +5.36999999999999933983e-004
  +5.39999999999999898484e-004
  +5.42999999999999971405e-004
  +5.45999999999999935905e-004
  +5.48999999999999900406e-004
  +5.51999999999999973327e-004
  +5.54999999999999937828e-004
  +5.57999999999999902328e-004
  +5.60999999999999975249e-004
  +5.63999999999999939750e-004
  +5.66999999999999904250e-004
  +5.69999999999999977171e-004
  +5.72999999999999941672e-004
  +5.75999999999999906172e-004
  +5.78999999999999979093e-004
  +5.81999999999999943594e-004
  +5.84999999999999908094e-004
  +5.87999999999999981015e-004
  +5.90999999999999945516e-004
  +5.93999999999999910016e-004
  +5.96999999999999982937e-004
  +5.99999999999999947438e-004
</indep>
<dep V2.It time>
  +0.00000000000000000000e+000
  +0.00000000000000000000e+000
  +0.00000000000000000000e+000
  +0.00000000000000000000e+000
  +0.00000000000000000000e+000
  +0.00000000000000000000e+000
  +0.00000000000000000000e+000
  +0.00000000000000000000e+000
  +0.00000000000000000000e+000
  +0.00000000000000000000e+000
  +0.00000000000000000000e+000
  +0.00000000000000000000e+000
  +0.00000000000000000000e+000
  +0.00000000000000000000e+000
  +0.00000000000000000000e+000
  +0.00000000000000000000e+000
  +0.00000000000000000000e+000
  +0.00000000000000000000e+000
  +0.00000000000000000000e+000
  +0.00000000000000000000e+000
  +0.00000000000000000000e+000
  +0.00000000000000000000e+000
  +0.00000000000000000000e+000
  +0.00000000000000000000e+000
  +0.00000000000000000000e+000
  +0.00000000000000000000e+000
  +0.00000000000000000000e+000
  +0.00000000000000000000e+000
  +0.00000000000000000000e+000
  +0.00000000000000000000e+000
  +0.00000000000000000000e+000
  +0.00000000000000000000e+000
  +0.00000000000000000000e+000
  +0.00000000000000000000e+000
  +0.00000000000000000000e+000
  +0.00000000000000000000e+000
  +0.00000000000000000000e+000
  +0.00000000000000000000e+000
  +0.00000000000000000000e+000
  +0.00000000000000000000e+000
  +0.00000000000000000000e+000
  +0.00000000000000000000e+000
  +0.00000000000000000000e+000
  +0.00000000000000000000e+000
  +0.00000000000000000000e+000
  +0.00000000000000000000e+000
  +0.00000000000000000000e+000
  +0.00000000000000000000e+000
  +0.00000000000000000000e+000
  +0.00000000000000000000e+000
  +0.00000000000000000000e+000
  +0.00000000000000000000e+000
  +0.00000000000000000000e+000
  +0.00000000000000000000e+000
  +0.00000000000000000000e+000
  +0.00000000000000000000e+000
  +0.00000000000000000000e+000
  +0.00000000000000000000e+000
  +0.00000000000000000000e+000
  +0.00000000000000000000e+000
  +0.00000000000000000000e+000
  +0.00000000000000000000e+000
  +0.00000000000000000000e+000
  +0.00000000000000000000e+000
  +0.00000000000000000000e+000
  +0.00000000000000000000e+000
  +0.00000000000000000000e+000
  +0.00000000000000000000e+000
  +0.00000000000000000000e+000
  +0.00000000000000000000e+000
  +0.00000000000000000000e+000
  +0.00000000000000000000e+000
  +0.00000000000000000000e+000
  +0.00000000000000000000e+000
  +0.00000000000000000000e+000
  +0.00000000000000000000e+000
  +0.00000000000000000000e+000
  +0.00000000000000000000e+000
  +0.00000000000000000000e+000
  +0.00000000000000000000e+000
  +0.00000000000000000000e+000
  +0.00000000000000000000e+000
  +0.00000000000000000000e+000
  +0.00000000000000000000e+000
  +0.00000000000000000000e+000
  +0.00000000000000000000e+000
  +0.00000000000000000000e+000
  +0.00000000000000000000e+000
  +0.00000000000000000000e+000
  +0.00000000000000000000e+000
  +0.00000000000000000000e+000
  +0.00000000000000000000e+000
  +0.00000000000000000000e+000
  +0.00000000000000000000e+000
  +0.00000000000000000000e+000
  +0.00000000000000000000e+000
  +0.00000000000000000000e+000
  +0.00000000000000000000e+000
  +0.00000000000000000000e+000
  +0.00000000000000000000e+000
  +0.00000000000000000000e+000
  +0.00000000000000000000e+000
  +0.00000000000000000000e+000
  +0.00000000000000000000e+000
  +0.00000000000000000000e+000
  +0.00000000000000000000e+000
  +0.00000000000000000000e+000
  +0.00000000000000000000e+000
  +0.00000000000000000000e+000
  +0.00000000000000000000e+000
  +0.00000000000000000000e+000
  +0.00000000000000000000e+000
  +0.00000000000000000000e+000
  +0.00000000000000000000e+000
  +0.00000000000000000000e+000
  +0.00000000000000000000e+000
  +0.00000000000000000000e+000
  +0.00000000000000000000e+000
  +0.00000000000000000000e+000
  +0.00000000000000000000e+000
  +0.00000000000000000000e+000
  +0.00000000000000000000e+000
  +0.00000000000000000000e+000
  +0.00000000000000000000e+000
  +0.00000000000000000000e+000
  +0.00000000000000000000e+000
  +0.00000000000000000000e+000
  +0.00000000000000000000e+000
  +0.00000000000000000000e+000
  +0.00000000000000000000e+000
  +0.00000000000000000000e+000
  +0.00000000000000000000e+000
  +0.00000000000000000000e+000
  +0.00000000000000000000e+000
  +0.00000000000000000000e+000
  +0.00000000000000000000e+000
  +0.00000000000000000000e+000
  +0.00000000000000000000e+000
  +0.00000000000000000000e+000
  +0.00000000000000000000e+000
  +0.00000000000000000000e+000
  +0.00000000000000000000e+000
  +0.00000000000000000000e+000
  +0.00000000000000000000e+000
  +0.00000000000000000000e+000
  +0.00000000000000000000e+000
  +0.00000000000000000000e+000
  +0.00000000000000000000e+000
  +0.00000000000000000000e+000
  +0.00000000000000000000e+000
  +0.00000000000000000000e+000
  +0.00000000000000000000e+000
  +0.00000000000000000000e+000
  +0.00000000000000000000e+000
  +0.00000000000000000000e+000
  +0.00000000000000000000e+000
  +0.00000000000000000000e+000
  +0.00000000000000000000e+000
  +0.00000000000000000000e+000
  +0.00000000000000000000e+000
  +0.00000000000000000000e+000
  +0.00000000000000000000e+000
  +0.00000000000000000000e+000
  +0.00000000000000000000e+000
  +0.00000000000000000000e+000
  +0.00000000000000000000e+000
  +0.00000000000000000000e+000
  +0.00000000000000000000e+000
  +0.00000000000000000000e+000
  +0.00000000000000000000e+000
  +0.00000000000000000000e+000
  +0.00000000000000000000e+000
  +0.00000000000000000000e+000
  +0.00000000000000000000e+000
  +0.00000000000000000000e+000
  +0.00000000000000000000e+000
  +0.00000000000000000000e+000
  +0.00000000000000000000e+000
  +0.00000000000000000000e+000
  +0.00000000000000000000e+000
  +0.00000000000000000000e+000
  +0.00000000000000000000e+000
  +0.00000000000000000000e+000
  +0.00000000000000000000e+000
  +0.00000000000000000000e+000
  +0.00000000000000000000e+000
  +0.00000000000000000000e+000
  +0.00000000000000000000e+000
  +0.00000000000000000000e+000
  +0.00000000000000000000e+000
  +0.00000000000000000000e+000
  +0.00000000000000000000e+000
  +0.00000000000000000000e+000
  +0.00000000000000000000e+000
  +0.00000000000000000000e+000
  +0.00000000000000000000e+000
  +0.00000000000000000000e+000
  +0.00000000000000000000e+000
  +0.00000000000000000000e+000
  +0.00000000000000000000e+000
  +0.00000000000000000000e+000
</dep>
<dep V3.It time>
  +0.00000000000000000000e+000
  +0.00000000000000000000e+000
  +0.00000000000000000000e+000
  +0.00000000000000000000e+000
  +0.00000000000000000000e+000
  +0.00000000000000000000e+000
  +0.00000000000000000000e+000
  +0.00000000000000000000e+000
  +0.00000000000000000000e+000
  +0.00000000000000000000e+000
  +0.00000000000000000000e+000
  +0.00000000000000000000e+000
  +0.00000000000000000000e+000
  +0.00000000000000000000e+000
  +0.00000000000000000000e+000
  +0.00000000000000000000e+000
  +0.00000000000000000000e+000
  +0.00000000000000000000e+000
  +0.00000000000000000000e+000
  +0.00000000000000000000e+000
  +0.00000000000000000000e+000
  +0.00000000000000000000e+000
  +0.00000000000000000000e+000
  +0.00000000000000000000e+000
  +0.00000000000000000000e+000
  +0.00000000000000000000e+000
  +0.00000000000000000000e+000
  +0.00000000000000000000e+000
  +0.00000000000000000000e+000
  +0.00000000000000000000e+000
  +0.00000000000000000000e+000
  +0.00000000000000000000e+000
  +0.00000000000000000000e+000
  +0.00000000000000000000e+000
  +0.00000000000000000000e+000
  +0.00000000000000000000e+000
  +0.00000000000000000000e+000
  +0.00000000000000000000e+000
  +0.00000000000000000000e+000
  +0.00000000000000000000e+000
  +0.00000000000000000000e+000
  +0.00000000000000000000e+000
  +0.00000000000000000000e+000
  +0.00000000000000000000e+000
  +0.00000000000000000000e+000
  +0.00000000000000000000e+000
  +0.00000000000000000000e+000
  +0.00000000000000000000e+000
  +0.00000000000000000000e+000
  +0.00000000000000000000e+000
  +0.00000000000000000000e+000
  +0.00000000000000000000e+000
  +0.00000000000000000000e+000
  +0.00000000000000000000e+000
  +0.00000000000000000000e+000
  +0.00000000000000000000e+000
  +0.00000000000000000000e+000
  +0.00000000000000000000e+000
  +0.00000000000000000000e+000
  +0.00000000000000000000e+000
  +0.00000000000000000000e+000
  +0.00000000000000000000e+000
  +0.00000000000000000000e+000
  +0.00000000000000000000e+000
  +0.00000000000000000000e+000
  +0.00000000000000000000e+000
  +0.00000000000000000000e+000
  +0.00000000000000000000e+000
  +0.00000000000000000000e+000
  +0.00000000000000000000e+000
  +0.00000000000000000000e+000
  +0.00000000000000000000e+000
  +0.00000000000000000000e+000
  +0.00000000000000000000e+000
  +0.00000000000000000000e+000
  +0.00000000000000000000e+000
  +0.00000000000000000000e+000
  +0.00000000000000000000e+000
  +0.00000000000000000000e+000
  +0.00000000000000000000e+000
  +0.00000000000000000000e+000
  +0.00000000000000000000e+000
  +0.00000000000000000000e+000
  +0.00000000000000000000e+000
  +0.00000000000000000000e+000
  +0.00000000000000000000e+000
  +0.00000000000000000000e+000
  +0.00000000000000000000e+000
  +0.00000000000000000000e+000
  +0.00000000000000000000e+000
  +0.00000000000000000000e+000
  +0.00000000000000000000e+000
  +0.00000000000000000000e+000
  +0.00000000000000000000e+000
  +0.00000000000000000000e+000
  +0.00000000000000000000e+000
  +0.00000000000000000000e+000
  +0.00000000000000000000e+000
  +0.00000000000000000000e+000
  +0.00000000000000000000e+000
  +0.00000000000000000000e+000
  +0.00000000000000000000e+000
  +0.00000000000000000000e+000
  +0.00000000000000000000e+000
  +0.00000000000000000000e+000
  +0.00000000000000000000e+000
  +0.00000000000000000000e+000
  +0.00000000000000000000e+000
  +0.00000000000000000000e+000
  +0.00000000000000000000e+000
  +0.00000000000000000000e+000
  +0.00000000000000000000e+000
  +0.00000000000000000000e+000
  +0.00000000000000000000e+000
  +0.00000000000000000000e+000
  +0.00000000000000000000e+000
  +0.00000000000000000000e+000
  +0.00000000000000000000e+000
  +0.00000000000000000000e+000
  +0.00000000000000000000e+000
  +0.00000000000000000000e+000
  +0.00000000000000000000e+000
  +0.00000000000000000000e+000
  +0.00000000000000000000e+000
  +0.00000000000000000000e+000
  +0.00000000000000000000e+000
  +0.00000000000000000000e+000
  +0.00000000000000000000e+000
  +0.00000000000000000000e+000
  +0.00000000000000000000e+000
  +0.00000000000000000000e+000
  +0.00000000000000000000e+000
  +0.00000000000000000000e+000
  +0.00000000000000000000e+000
  +0.00000000000000000000e+000
  +0.00000000000000000000e+000
  +0.00000000000000000000e+000
  +0.00000000000000000000e+000
  +0.00000000000000000000e+000
  +0.00000000000000000000e+000
  +0.00000000000000000000e+000
  +0.00000000000000000000e+000
  +0.00000000000000000000e+000
  +0.00000000000000000000e+000
  +0.00000000000000000000e+000
  +0.00000000000000000000e+000
  +0.00000000000000000000e+000
  +0.00000000000000000000e+000
  +0.00000000000000000000e+000
  +0.00000000000000000000e+000
  +0.00000000000000000000e+000
  +0.00000000000000000000e+000
  +0.00000000000000000000e+000
  +0.00000000000000000000e+000
  +0.00000000000000000000e+000
  +0.00000000000000000000e+000
  +0.00000000000000000000e+000
  +0.00000000000000000000e+000
  +0.00000000000000000000e+000
  +0.00000000000000000000e+000
  +0.00000000000000000000e+000
  +0.00000000000000000000e+000
  +0.00000000000000000000e+000
  +0.00000000000000000000e+000
  +0.00000000000000000000e+000
  +0.00000000000000000000e+000
  +0.00000000000000000000e+000
  +0.00000000000000000000e+000
  +0.00000000000000000000e+000
  +0.00000000000000000000e+000
  +0.00000000000000000000e+000
  +0.00000000000000000000e+000
  +0.00000000000000000000e+000
  +0.00000000000000000000e+000
  +0.00000000000000000000e+000
  +0.00000000000000000000e+000
  +0.00000000000000000000e+000
  +0.00000000000000000000e+000
  +0.00000000000000000000e+000
  +0.00000000000000000000e+000
  +0.00000000000000000000e+000
  +0.00000000000000000000e+000
  +0.00000000000000000000e+000
  +0.00000000000000000000e+000
  +0.00000000000000000000e+000
  +0.00000000000000000000e+000
  +0.00000000000000000000e+000
  +0.00000000000000000000e+000
  +0.00000000000000000000e+000
  +0.00000000000000000000e+000
  +0.00000000000000000000e+000
  +0.00000000000000000000e+000
  +0.00000000000000000000e+000
  +0.00000000000000000000e+000
  +0.00000000000000000000e+000
  +0.00000000000000000000e+000
  +0.00000000000000000000e+000
  +0.00000000000000000000e+000
  +0.00000000000000000000e+000
  +0.00000000000000000000e+000
  +0.00000000000000000000e+000
</dep>
<dep V1.It time>
  -1.54944785933757247544e-003
  -1.48033297098982630571e-003
  -1.42471501040299748306e-003
  -1.37596176212441130386e-003
  -1.33194055792761468886e-003
  -1.29184529783129371447e-003
  -1.25523599302978573246e-003
  -1.22178654144962568241e-003
  -1.19121832160453073116e-003
  -1.16328165453172672865e-003
  -1.13774961119994673896e-003
  -1.11441511871050009073e-003
  -1.09308900770553347331e-003
  -1.07359841256979737963e-003
  -1.05578535017016202080e-003
  -1.03950543786228010064e-003
  -1.02462671734324562052e-003
  -1.01102859072401351191e-003
  -9.98600839152622050954e-004
  -9.87242729556460753629e-004
  -9.76862198907017592261e-004
  -9.67375108103381308768e-004
  -9.58704559868428854430e-004
  -9.50780275496053623764e-004
  -9.43538025009037434679e-004
  -9.36919106449794324848e-004
  -9.30869870291423529701e-004
  -9.25341284680338536407e-004
  -9.20288537897029877699e-004
  -9.15670675072602466456e-004
  -9.11450266244353993032e-004
  -9.07593102989350279317e-004
  -9.04067921181382844545e-004
  -9.00846147589854685800e-004
  -8.97900276394698556616e-004
  -8.95209047046724914684e-004
  -8.92749707078842498487e-004
  -8.90502107926790598472e-004
  -8.88447912075895603404e-004
  -8.86570551685240721036e-004
  -8.84854767318197393301e-004
  -8.83286646579512640942e-004
  -8.81853489699470252487e-004
  -8.80543683829668796109e-004
  -8.79346634593280952405e-004
  -8.78252399523355635307e-004
  -8.77252549617110093452e-004
  -8.76338750008954408058e-004
  -8.75503609723790685720e-004
  -8.74740352341573604994e-004
  -8.74042788015853204346e-004
  -8.73405298390609913413e-004
  -8.72822620393060911483e-004
  -8.72290092813770190534e-004
  -8.71803399257502264000e-004
  -8.71358594840138220468e-004
  -8.70952074212151213829e-004
  -8.70580542332807490527e-004
  -8.70240987762035240159e-004
  -8.69930658250665442277e-004
  -8.69647038432552147574e-004
  -8.69387829435989620275e-004
  -8.69150930250550159128e-004
  -8.68934420697196831414e-004
  -8.68736545864498620022e-004
  -8.68555701884064020220e-004
  -8.68390422930678460012e-004
  -8.68239369340927883562e-004
  -8.68101316754621150744e-004
  -8.67975146190786686282e-004
  -8.67859834977825067570e-004
  -8.67754448464285984069e-004
  -8.67658132443061068211e-004
  -8.67570106227627839066e-004
  -8.67489656324223418551e-004
  -8.67416130648647910190e-004
  -8.67348933240819032139e-004
  -8.67287519434236948285e-004
  -8.67231391441198348584e-004
  -8.67180094317994442678e-004
  -8.67133212277382704053e-004
  -8.67090365318437766677e-004
  -8.67051206146464891952e-004
  -8.67015417358010733080e-004
  -8.66982708868159783130e-004
  -8.66952815559261878026e-004
  -8.66925495132029287626e-004
  -8.66900526141586879637e-004
  -8.66877706202556124263e-004
  -8.66856850348630644278e-004
  -8.66837789533333319403e-004
  -8.66820369259816217444e-004
  -8.66804448328593966228e-004
  -8.66789897693050182502e-004
  -8.66776599413462316493e-004
  -8.66764445701036960815e-004
  -8.66753338044233502188e-004
  -8.66743186410286301120e-004
  -8.66733908515440894769e-004
  -8.66725429158007247381e-004
  -8.66717679608817927889e-004
  -8.61830456714640234968e-004
  -8.44691661779724289362e-004
  -8.28102455603776867361e-004
  -8.12051567602835658310e-004
  -7.96521511507767903879e-004
  -7.81495370388451677905e-004
  -7.66956778210700477506e-004
  -7.52889901774933664388e-004
  -7.39279423256588110770e-004
  -7.26110523328251582058e-004
  -7.13368864843218122157e-004
  -7.01040577061170871141e-004
  -6.89112240397275624751e-004
  -6.77570871676575706838e-004
  -6.66403909876533365880e-004
  -6.55599202340908875607e-004
  -6.45144991449094103164e-004
  -6.34900503750551780183e-004
  -6.25114933392172979210e-004
  -6.15640399178688456881e-004
  -6.06475912765145133698e-004
  -5.97609206361109871614e-004
  -5.89031211602065465048e-004
  -5.80731358509443832197e-004
  -5.72701117528543000162e-004
  -5.64931739328435023571e-004
  -5.57414714077987278468e-004
  -5.50141832313814959157e-004
  -5.43105125286841446640e-004
  -5.36296939408538821982e-004
  -5.29709801460463486009e-004
  -5.23336539154335440155e-004
  -5.17170196061139827125e-004
  -5.11204064485342433467e-004
  -5.05431609075661738596e-004
  -5.00338669619524128822e-004
  -5.80162499609938116414e-004
  -7.96722001793974507651e-004
  -8.49746422342266267795e-004
  -8.62427852530326202220e-004
  -8.65583242843147022787e-004
  -8.66380370684189543042e-004
  -8.66582984365250408657e-004
  -8.66633550887768678780e-004
  -8.66644911722633443964e-004
  -8.66647022447668844217e-004
  -8.66647160806367582685e-004
  -8.66646433922243619036e-004
  -8.66645199378138870669e-004
  -8.66644290324947857984e-004
  -8.66643807987133528957e-004
  -8.66643153099689450558e-004
  -8.66642250874772495164e-004
  -8.66641597600167619235e-004
  -8.66641260442026044319e-004
  -8.66640811791347478489e-004
  -8.66640179416791763510e-004
  -8.66639716869285607094e-004
  -8.66639483453796521592e-004
  -8.66639176183931912896e-004
  -8.66638733713962069669e-004
  -8.66638405852513684334e-004
  -8.66638205603030131047e-004
  -8.66637560144153246133e-004
  -8.66637281478497049046e-004
  -8.66636934009133220493e-004
  -8.66636575711475834992e-004
  -8.66636405444242688065e-004
  -8.66636478735348728120e-004
  -8.66636517732909551076e-004
  -8.66636516752005174255e-004
  -8.66636510547306852283e-004
  -8.66636490141299239455e-004
  -8.66636456173342103158e-004
  -8.66636410064132770535e-004
  -8.66636354102128100493e-004
  -8.66636291137787111161e-004
  -8.66636223549975895364e-004
  -8.66636154262075933570e-004
  -8.66636085461866697253e-004
  -8.66636018946295976634e-004
  -8.66635956071224724737e-004
  -8.66635897765550742254e-004
  -8.66635844576147556552e-004
  -8.66635796677626578030e-004
  -8.66635754381227989621e-004
  -8.66635716678862779751e-004
  -8.66635683735739723900e-004
  -8.66635655247801912210e-004
  -8.66635629932551799018e-004
  -8.66635607828171623812e-004
  -8.66635588538472770824e-004
  -8.66635571567048613312e-004
  -8.66635556701045978688e-004
  -8.66635543167875300845e-004
  -8.66635530818297018102e-004
  -8.66635519523050053790e-004
  -8.66635509163880802218e-004
  -8.66635499632501427221e-004
  -8.66635490832831992258e-004
</dep>
<dep vdis.Vt time>
  +6.27553270392238672946e-006
  +1.06688616448108508639e-001
  +1.35482846891511493626e-001
  +1.42891355653197521525e-001
  +1.44785443126415003245e-001
  +1.45268978683258553897e-001
  +1.45392362468836605638e-001
  +1.45423829649833052935e-001
  +1.45431866982051682946e-001
  +1.45433913431768896407e-001
  +1.45434437690049545022e-001
  +1.45434569791896561863e-001
  +1.45434605225847668475e-001
  +1.45434612382333433578e-001
  +1.45434616062257077163e-001
  +1.45434611000104574430e-001
  +1.45434615176286724525e-001
  +1.45434618450068386952e-001
  +1.45434617734686744139e-001
  +1.45434615920168375247e-001
  +1.45434615026076102806e-001
  +1.45434615332256628184e-001
  +1.45434616450279108335e-001
  +1.45434616991260728947e-001
  +1.45434616377187797553e-001
  +1.45434615703851993773e-001
  +1.45434615765297897694e-001
  +1.45434616175684983119e-001
  +1.45434616395549554113e-001
  +1.45434616304657676755e-001
  +1.45434616073613659504e-001
  +1.45434615974479153344e-001
  +1.45434616089280599471e-001
  +1.45434616226114754589e-001
  +1.45434065761618519508e-001
  +1.45433839218137933580e-001
  +1.45434667462090300161e-001
  +1.45435433940071273673e-001
  +1.45434897155110709477e-001
  +1.45434903501884787991e-001
  +1.45434913016695976928e-001
  +1.45434902290671103087e-001
  +1.45434888049187804882e-001
  +1.45434877742903367892e-001
  +1.45434664527469059703e-001
  +1.45436429011876533490e-001
  +1.45436163309673682775e-001
  +1.45435968960594796950e-001
  +1.45435702476665207339e-001
  +1.45435428346417650047e-001
  +1.45435174523463495166e-001
  +1.45434615823337970442e-001
  +1.45434616040341885279e-001
  +1.45434616116180304157e-001
  +1.45434616135377781099e-001
  +1.45434616140321354427e-001
  +1.45434616141377398568e-001
  +1.45434616141998040995e-001
  +1.45434616141830702629e-001
  +1.45434616142041922560e-001
  +1.45434616141898065411e-001
  +1.45434616142015693541e-001
  +1.45434616141925321386e-001
  +1.45434616141963624081e-001
  +1.45434616141722122817e-001
  +1.45434616141901146280e-001
  +1.45434616142072647982e-001
  +1.45434616142072342670e-001
  +1.45434616141959710545e-001
  +1.45434616141892125718e-001
  +1.45434616141925515675e-001
  +1.45434616141988909410e-001
  +1.45434616142005201933e-001
  +1.45434616141974060177e-001
  +1.45434616141944722534e-001
  +1.45434616141947192780e-001
  +1.45434616141968092728e-001
  +1.45434616141978445558e-001
  +1.45434616141971312375e-001
  +1.45434616141960543212e-001
  +1.45434616141958544810e-001
  +1.45434616141964206948e-001
  +1.45434616141968980907e-001
  +1.45434616141967926195e-001
  +1.45434616141964179192e-001
  +1.45434616141962846925e-001
  +1.45434616141964817571e-001
  +1.45434616141965677993e-001
  +1.45434616141966316372e-001
  +1.45434616141965289415e-001
  +1.45434616141964345726e-001
  +1.45434616141964706548e-001
  +1.45434616141965233904e-001
  +1.45434616141965511460e-001
  +1.45434616141965566971e-001
  +1.45434616141965233904e-001
  +1.45434616141964984104e-001
  +1.45434616141965400438e-001
  +1.45434616141965677993e-001
  +1.45434616141965122882e-001
  +1.45434616141965261660e-001
  +1.89888574701774753839e-001
  +3.45788858923220532304e-001
  +4.96693286229287211953e-001
  +6.42703954094196117097e-001
  +7.83979562735572010901e-001
  +9.20673667950816954075e-001
  +1.05293484580190721545e+000
  +1.18090685409740858702e+000
  +1.30472878864588603953e+000
  +1.42453523444238894236e+000
  +1.54045641195210225582e+000
  +1.65261831865005337505e+000
  +1.76114286597069091833e+000
  +1.86614801181639000660e+000
  +1.96774788876866102427e+000
  +2.06605292814156804582e+000
  +2.16116998001220528280e+000
  +2.25572010954917612224e+000
  +2.34460578161076593773e+000
  +2.43072582075091503384e+000
  +2.51401718061705325979e+000
  +2.59460715359538429681e+000
  +2.67257374700528194111e+000
  +2.74802127397451112500e+000
  +2.82102248387890375270e+000
  +2.89165615324488367577e+000
  +2.95999925058919677312e+000
  +3.02612590463840813726e+000
  +3.09010840212558512974e+000
  +3.15201559329331271186e+000
  +3.21191545709410375409e+000
  +3.26987274866206734103e+000
  +3.32595041388310619368e+000
  +3.38020928253738262015e+000
  +3.43270853687528898490e+000
  +3.47902678583853397498e+000
  +2.75260471828997177468e+000
  +7.81890260989782759360e-001
  +2.99347049501896611545e-001
  +1.83926856400022625815e-001
  +1.55195276836949641597e-001
  +1.47925394356557660114e-001
  +1.46066969471130680969e-001
  +1.45593433815279810206e-001
  +1.45477821539804513806e-001
  +1.45447437773838950115e-001
  +1.45435964459936811766e-001
  +1.45433243984614990474e-001
  +1.45435946677699906582e-001
  +1.45436421713250552123e-001
  +1.45433684747399483150e-001
  +1.45433131330197168429e-001
  +1.45435389240977486214e-001
  +1.45435894014448452438e-001
  +1.45433990344602692701e-001
  +1.45433529174577691467e-001
  +1.45435130979150756270e-001
  +1.45435544784483006264e-001
  +1.45434200152049580845e-001
  +1.45433826142500777223e-001
  +1.45434955306266905373e-001
  +1.45435290900777586254e-001
  +1.45434693131750197859e-001
  +1.45438355058327917213e-001
  +1.45438869529197462027e-001
  +1.45440184092170743391e-001
  +1.45441756196867583162e-001
  +1.45441762543619040882e-001
  +1.45439685320955969239e-001
  +1.45438041550107977073e-001
  +1.45436872516775894670e-001
  +1.45435852405545656962e-001
  +1.45435054185666295945e-001
  +1.45434464063889379304e-001
  +1.45434061823183469198e-001
  +1.45433819977236949983e-001
  +1.45433706498855730427e-001
  +1.45433694176327621417e-001
  +1.45433751321733917283e-001
  +1.45433853378824418101e-001
  +1.45433979747896013901e-001
  +1.45434114208725040474e-001
  +1.45434244760557107590e-001
  +1.45434363184415854642e-001
  +1.45434464927981066396e-001
  +1.45434544450661978887e-001
  +1.45434608450865698881e-001
  +1.45434653163022675759e-001
  +1.45434679286587320579e-001
  +1.45434696602764951257e-001
  +1.45434703037213092225e-001
  +1.45434700616987599986e-001
  +1.45434692416969491013e-001
  +1.45434679055845672568e-001
  +1.45434666359365555310e-001
  +1.45434654584499278851e-001
  +1.45434643901178967118e-001
  +1.45434634465793827252e-001
  +1.45434626423181390109e-001
  +1.45434619879458104652e-001
</dep>
<dep _net0.Vt time>
  +1.00024699925900227592e-005
  +2.86967773376082868619e-001
  +5.49236570572094184861e-001
  +7.88932202755306843933e-001
  +1.00799751633642364901e+000
  +1.20820813794064152447e+000
  +1.39118686865940199837e+000
  +1.55841683690031440612e+000
  +1.71125352000918518058e+000
  +1.85093573095028429698e+000
  +1.97859565955518346136e+000
  +2.09526804941898436851e+000
  +2.20189858497461354858e+000
  +2.29935155672115865144e+000
  +2.38841686669739949878e+000
  +2.46981643101821157771e+000
  +2.54421003131877832004e+000
  +2.61220066261615846415e+000
  +2.67433942086618214873e+000
  +2.73112996984397682354e+000
  +2.78303262358245229180e+000
  +2.83046807743240247390e+000
  +2.87382081799286659418e+000
  +2.91344223955749992427e+000
  +2.94965349232998352846e+000
  +2.98274808549616432529e+000
  +3.01299426625425681436e+000
  +3.04063719408419430579e+000
  +3.06590092787993295786e+000
  +3.08899024205201033766e+000
  +3.11009228632019985028e+000
  +3.12937810264968829799e+000
  +3.14700401162644727293e+000
  +3.16311287950890474008e+000
  +3.17784253793770510299e+000
  +3.19129880915201358249e+000
  +3.20359505391233057026e+000
  +3.21483262853084239552e+000
  +3.22510390272210889506e+000
  +3.23449070118814496766e+000
  +3.24306961779544344893e+000
  +3.25091022738228740963e+000
  +3.25807601960749027015e+000
  +3.26462505461929097805e+000
  +3.27061041795256768339e+000
  +3.27608062380526732227e+000
  +3.28108001932671600187e+000
  +3.28564912415270260482e+000
  +3.28982497199826262602e+000
  +3.29364140953036343973e+000
  +3.29712937062212718686e+000
  +3.30031712572643431969e+000
  +3.30323051559494640372e+000
  +3.30589315344973089239e+000
  +3.30832662122052223452e+000
  +3.31055064330462611721e+000
  +3.31258324644398127745e+000
  +3.31444090584035855329e+000
  +3.31613867869431189206e+000
  +3.31769032625104465239e+000
  +3.31910842534169026052e+000
  +3.32040447032443841735e+000
  +3.32158896625168509331e+000
  +3.32267151401843108260e+000
  +3.32366088818205485111e+000
  +3.32456510808412897262e+000
  +3.32539150285096285486e+000
  +3.32614677079971610141e+000
  +3.32683703373131134384e+000
  +3.32746788655052094796e+000
  +3.32804444261531040539e+000
  +3.32857137518297108159e+000
  +3.32905295528908684588e+000
  +3.32949308636626994939e+000
  +3.32989533588330832714e+000
  +3.33026296426118451066e+000
  +3.33059895130031735633e+000
  +3.33090602033322236153e+000
  +3.33118666029841925535e+000
  +3.33144314591444468121e+000
  +3.33167755611750449063e+000
  +3.33189179091222609230e+000
  +3.33208758677208738419e+000
  +3.33226653071435885423e+000
  +3.33243007316361561365e+000
  +3.33257953970810616440e+000
  +3.33271614184426789862e+000
  +3.33284098679647966534e+000
  +3.33295508649163307879e+000
  +3.33305936576126082826e+000
  +3.33315466983774788545e+000
  +3.33324177120533304830e+000
  +3.33332137586144439112e+000
  +3.33339412903916310071e+000
  +3.33346062043710222866e+000
  +3.33352138899922945114e+000
  +3.33357692728324650489e+000
  +3.33362768545298226996e+000
  +3.33367407492720912998e+000
  +3.33371647171437812673e+000
  +3.33375521946032460363e+000
  +3.33376608197527346533e+000
  +3.33380055982488299193e+000
  +3.33383207020678140609e+000
  +3.33386086852747176579e+000
  +3.33388718821084584221e+000
  +3.33391124259025906085e+000
  +3.33393322663775659720e+000
  +3.33395331854433729646e+000
  +3.33397168116437425667e+000
  +3.33398846333545106901e+000
  +3.33400380108495131282e+000
  +3.33401781873257752054e+000
  +3.33403062989785681225e+000
  +3.33404233842130226506e+000
  +3.33405303920598017342e+000
  +3.33406281898690126653e+000
  +3.33407175703353697571e+000
  +3.33334357490153943004e+000
  +3.33343314534091161860e+000
  +3.33348711358407623351e+000
  +3.33354506220885982160e+000
  +3.33359838929588736534e+000
  +3.33364957550325335944e+000
  +3.33369415581843320240e+000
  +3.33373480583041414960e+000
  +3.33377198838810784309e+000
  +3.33380596225336134353e+000
  +3.33383704467355768131e+000
  +3.33386536140887734803e+000
  +3.33389135059834229580e+000
  +3.33391502726136135237e+000
  +3.33393667309531815945e+000
  +3.33395648459369242644e+000
  +3.33397457727802226657e+000
  +3.33399111018471883128e+000
  +3.33400622012296432572e+000
  +3.33402007431845603946e+000
  +3.33403270477200441846e+000
  +3.33404423471619759667e+000
  +3.33405477229341107304e+000
  +3.33406440290681915783e+000
  +3.33407320462489886737e+000
  +3.33408124879400524776e+000
  +3.33408860060770573241e+000
  +3.33409531966166472472e+000
  +3.33410146041339183753e+000
  +3.33410707263852579274e+000
  +3.33411220182580603222e+000
  +3.33411688955012941449e+000
  +3.33412117380754002838e+000
  +3.33412508932400220019e+000
  +3.33412866783660888359e+000
  +3.33413193835087451333e+000
  +3.33413492737583805336e+000
  +3.33413765913898840765e+000
  +3.33414015578250522154e+000
  +3.33414243754288097676e+000
  +3.33414452291484453283e+000
  +3.33414642880131939506e+000
  +3.33414817065039414956e+000
  +3.33414976258059159164e+000
  +3.33415121749524523409e+000
  +3.33415254718718401250e+000
  +3.33415376243399830258e+000
  +3.33415487308597713323e+000
  +3.33415588814544827656e+000
  +3.33415681583994549797e+000
  +3.33415766368888544235e+000
  +3.33415843856448868010e+000
  +3.33415914674748048441e+000
  +3.33415979397800876782e+000
  +3.33416038550217619374e+000
  +3.33416092611456571504e+000
  +3.33416142019708594546e+000
  +3.33416187175450939861e+000
  +3.33416228444692075428e+000
  +3.33416266161938468215e+000
  +3.33416300632906059676e+000
  +3.33416332136998549984e+000
  +3.33416360929570743110e+000
  +3.33416387244000533840e+000
  +3.33416411293578507369e+000
  +3.33416433273237888812e+000
  +3.33416453361134079714e+000
  +3.33416471720088791741e+000
  +3.33416488498910013050e+000
  +3.33416503833597932527e+000
  +3.33416517848447524486e+000
  +3.33416530657055742992e+000
  +3.33416542363242429658e+000
  +3.33416553061891418608e+000
  +3.33416562839720276301e+000
  +3.33416571775982806258e+000
  +3.33416579943111823781e+000
  +3.33416587407305931023e+000
  +3.33416594229065754718e+000
  +3.33416600463684842381e+000
  +3.33416606161697215427e+000
  +3.33416611369288684585e+000
  +3.33416616128668685803e+000
</dep>
<dep _net1.Vt time>
  +5.00000000000000000000e+000
  +5.00000000000000000000e+000
  +5.00000000000000000000e+000
  +5.00000000000000000000e+000
  +5.00000000000000000000e+000
  +5.00000000000000000000e+000
  +5.00000000000000000000e+000
  +5.00000000000000000000e+000
  +5.00000000000000000000e+000
  +5.00000000000000000000e+000
  +5.00000000000000000000e+000
  +5.00000000000000000000e+000
  +5.00000000000000000000e+000
  +5.00000000000000000000e+000
  +5.00000000000000000000e+000
  +5.00000000000000000000e+000
  +5.00000000000000000000e+000
  +5.00000000000000000000e+000
  +5.00000000000000000000e+000
  +5.00000000000000000000e+000
  +5.00000000000000000000e+000
  +5.00000000000000000000e+000
  +5.00000000000000000000e+000
  +5.00000000000000000000e+000
  +5.00000000000000000000e+000
  +5.00000000000000000000e+000
  +5.00000000000000000000e+000
  +5.00000000000000000000e+000
  +5.00000000000000000000e+000
  +5.00000000000000000000e+000
  +5.00000000000000000000e+000
  +5.00000000000000000000e+000
  +5.00000000000000000000e+000
  +5.00000000000000000000e+000
  +5.00000000000000000000e+000
  +5.00000000000000000000e+000
  +5.00000000000000000000e+000
  +5.00000000000000000000e+000
  +5.00000000000000000000e+000
  +5.00000000000000000000e+000
  +5.00000000000000000000e+000
  +5.00000000000000000000e+000
  +5.00000000000000000000e+000
  +5.00000000000000000000e+000
  +5.00000000000000000000e+000
  +5.00000000000000000000e+000
  +5.00000000000000000000e+000
  +5.00000000000000000000e+000
  +5.00000000000000000000e+000
  +5.00000000000000000000e+000
  +5.00000000000000000000e+000
  +5.00000000000000000000e+000
  +5.00000000000000000000e+000
  +5.00000000000000000000e+000
  +5.00000000000000000000e+000
  +5.00000000000000000000e+000
  +5.00000000000000000000e+000
  +5.00000000000000000000e+000
  +5.00000000000000000000e+000
  +5.00000000000000000000e+000
  +5.00000000000000000000e+000
  +5.00000000000000000000e+000
  +5.00000000000000000000e+000
  +5.00000000000000000000e+000
  +5.00000000000000000000e+000
  +5.00000000000000000000e+000
  +5.00000000000000000000e+000
  +5.00000000000000000000e+000
  +5.00000000000000000000e+000
  +5.00000000000000000000e+000
  +5.00000000000000000000e+000
  +5.00000000000000000000e+000
  +5.00000000000000000000e+000
  +5.00000000000000000000e+000
  +5.00000000000000000000e+000
  +5.00000000000000000000e+000
  +5.00000000000000000000e+000
  +5.00000000000000000000e+000
  +5.00000000000000000000e+000
  +5.00000000000000000000e+000
  +5.00000000000000000000e+000
  +5.00000000000000000000e+000
  +5.00000000000000000000e+000
  +5.00000000000000000000e+000
  +5.00000000000000000000e+000
  +5.00000000000000000000e+000
  +5.00000000000000000000e+000
  +5.00000000000000000000e+000
  +5.00000000000000000000e+000
  +5.00000000000000000000e+000
  +5.00000000000000000000e+000
  +5.00000000000000000000e+000
  +5.00000000000000000000e+000
  +5.00000000000000000000e+000
  +5.00000000000000000000e+000
  +5.00000000000000000000e+000
  +5.00000000000000000000e+000
  +5.00000000000000000000e+000
  +5.00000000000000000000e+000
  +5.00000000000000000000e+000
  +5.00000000000000000000e+000
  +5.00000000000000000000e+000
  +5.00000000000000000000e+000
  +5.00000000000000000000e+000
  +5.00000000000000000000e+000
  +5.00000000000000000000e+000
  +5.00000000000000000000e+000
  +5.00000000000000000000e+000
  +5.00000000000000000000e+000
  +5.00000000000000000000e+000
  +5.00000000000000000000e+000
  +5.00000000000000000000e+000
  +5.00000000000000000000e+000
  +5.00000000000000000000e+000
  +5.00000000000000000000e+000
  +5.00000000000000000000e+000
  +5.00000000000000000000e+000
  +5.00000000000000000000e+000
  +5.00000000000000000000e+000
  +5.00000000000000000000e+000
  +5.00000000000000000000e+000
  +5.00000000000000000000e+000
  +5.00000000000000000000e+000
  +5.00000000000000000000e+000
  +5.00000000000000000000e+000
  +5.00000000000000000000e+000
  +5.00000000000000000000e+000
  +5.00000000000000000000e+000
  +5.00000000000000000000e+000
  +5.00000000000000000000e+000
  +5.00000000000000000000e+000
  +5.00000000000000000000e+000
  +5.00000000000000000000e+000
  +5.00000000000000000000e+000
  +5.00000000000000000000e+000
  +5.00000000000000000000e+000
  +5.00000000000000000000e+000
  +5.00000000000000000000e+000
  +5.00000000000000000000e+000
  +5.00000000000000000000e+000
  +5.00000000000000000000e+000
  +5.00000000000000000000e+000
  +5.00000000000000000000e+000
  +5.00000000000000000000e+000
  +5.00000000000000000000e+000
  +5.00000000000000000000e+000
  +5.00000000000000000000e+000
  +5.00000000000000000000e+000
  +5.00000000000000000000e+000
  +5.00000000000000000000e+000
  +5.00000000000000000000e+000
  +5.00000000000000000000e+000
  +5.00000000000000000000e+000
  +5.00000000000000000000e+000
  +5.00000000000000000000e+000
  +5.00000000000000000000e+000
  +5.00000000000000000000e+000
  +5.00000000000000000000e+000
  +5.00000000000000000000e+000
  +5.00000000000000000000e+000
  +5.00000000000000000000e+000
  +5.00000000000000000000e+000
  +5.00000000000000000000e+000
  +5.00000000000000000000e+000
  +5.00000000000000000000e+000
  +5.00000000000000000000e+000
  +5.00000000000000000000e+000
  +5.00000000000000000000e+000
  +5.00000000000000000000e+000
  +5.00000000000000000000e+000
  +5.00000000000000000000e+000
  +5.00000000000000000000e+000
  +5.00000000000000000000e+000
  +5.00000000000000000000e+000
  +5.00000000000000000000e+000
  +5.00000000000000000000e+000
  +5.00000000000000000000e+000
  +5.00000000000000000000e+000
  +5.00000000000000000000e+000
  +5.00000000000000000000e+000
  +5.00000000000000000000e+000
  +5.00000000000000000000e+000
  +5.00000000000000000000e+000
  +5.00000000000000000000e+000
  +5.00000000000000000000e+000
  +5.00000000000000000000e+000
  +5.00000000000000000000e+000
  +5.00000000000000000000e+000
  +5.00000000000000000000e+000
  +5.00000000000000000000e+000
  +5.00000000000000000000e+000
  +5.00000000000000000000e+000
  +5.00000000000000000000e+000
  +5.00000000000000000000e+000
  +5.00000000000000000000e+000
  +5.00000000000000000000e+000
  +5.00000000000000000000e+000
  +5.00000000000000000000e+000
  +5.00000000000000000000e+000
  +5.00000000000000000000e+000
  +5.00000000000000000000e+000
</dep>
<dep reset.Vt time>
  +5.00000000000000000000e+000
  +5.00000000000000000000e+000
  +5.00000000000000000000e+000
  +5.00000000000000000000e+000
  +5.00000000000000000000e+000
  +5.00000000000000000000e+000
  +5.00000000000000000000e+000
  +5.00000000000000000000e+000
  +5.00000000000000000000e+000
  +5.00000000000000000000e+000
  +5.00000000000000000000e+000
  +5.00000000000000000000e+000
  +5.00000000000000000000e+000
  +5.00000000000000000000e+000
  +5.00000000000000000000e+000
  +5.00000000000000000000e+000
  +5.00000000000000000000e+000
  +5.00000000000000000000e+000
  +5.00000000000000000000e+000
  +5.00000000000000000000e+000
  +5.00000000000000000000e+000
  +5.00000000000000000000e+000
  +5.00000000000000000000e+000
  +5.00000000000000000000e+000
  +5.00000000000000000000e+000
  +5.00000000000000000000e+000
  +5.00000000000000000000e+000
  +5.00000000000000000000e+000
  +5.00000000000000000000e+000
  +5.00000000000000000000e+000
  +5.00000000000000000000e+000
  +5.00000000000000000000e+000
  +5.00000000000000000000e+000
  +5.00000000000000000000e+000
  +0.00000000000000000000e+000
  +0.00000000000000000000e+000
  +0.00000000000000000000e+000
  +0.00000000000000000000e+000
  +0.00000000000000000000e+000
  +0.00000000000000000000e+000
  +0.00000000000000000000e+000
  +0.00000000000000000000e+000
  +0.00000000000000000000e+000
  +0.00000000000000000000e+000
  +0.00000000000000000000e+000
  +0.00000000000000000000e+000
  +0.00000000000000000000e+000
  +0.00000000000000000000e+000
  +0.00000000000000000000e+000
  +0.00000000000000000000e+000
  +5.00000000000000000000e+000
  +5.00000000000000000000e+000
  +5.00000000000000000000e+000
  +5.00000000000000000000e+000
  +5.00000000000000000000e+000
  +5.00000000000000000000e+000
  +5.00000000000000000000e+000
  +5.00000000000000000000e+000
  +5.00000000000000000000e+000
  +5.00000000000000000000e+000
  +5.00000000000000000000e+000
  +5.00000000000000000000e+000
  +5.00000000000000000000e+000
  +5.00000000000000000000e+000
  +5.00000000000000000000e+000
  +5.00000000000000000000e+000
  +5.00000000000000000000e+000
  +5.00000000000000000000e+000
  +5.00000000000000000000e+000
  +5.00000000000000000000e+000
  +5.00000000000000000000e+000
  +5.00000000000000000000e+000
  +5.00000000000000000000e+000
  +5.00000000000000000000e+000
  +5.00000000000000000000e+000
  +5.00000000000000000000e+000
  +5.00000000000000000000e+000
  +5.00000000000000000000e+000
  +5.00000000000000000000e+000
  +5.00000000000000000000e+000
  +5.00000000000000000000e+000
  +5.00000000000000000000e+000
  +5.00000000000000000000e+000
  +5.00000000000000000000e+000
  +5.00000000000000000000e+000
  +5.00000000000000000000e+000
  +5.00000000000000000000e+000
  +5.00000000000000000000e+000
  +5.00000000000000000000e+000
  +5.00000000000000000000e+000
  +5.00000000000000000000e+000
  +5.00000000000000000000e+000
  +5.00000000000000000000e+000
  +5.00000000000000000000e+000
  +5.00000000000000000000e+000
  +5.00000000000000000000e+000
  +5.00000000000000000000e+000
  +5.00000000000000000000e+000
  +5.00000000000000000000e+000
  +5.00000000000000000000e+000
  +5.00000000000000000000e+000
  +5.00000000000000000000e+000
  +5.00000000000000000000e+000
  +5.00000000000000000000e+000
  +5.00000000000000000000e+000
  +5.00000000000000000000e+000
  +5.00000000000000000000e+000
  +5.00000000000000000000e+000
  +5.00000000000000000000e+000
  +5.00000000000000000000e+000
  +5.00000000000000000000e+000
  +5.00000000000000000000e+000
  +5.00000000000000000000e+000
  +5.00000000000000000000e+000
  +5.00000000000000000000e+000
  +5.00000000000000000000e+000
  +5.00000000000000000000e+000
  +5.00000000000000000000e+000
  +5.00000000000000000000e+000
  +5.00000000000000000000e+000
  +5.00000000000000000000e+000
  +5.00000000000000000000e+000
  +5.00000000000000000000e+000
  +5.00000000000000000000e+000
  +5.00000000000000000000e+000
  +5.00000000000000000000e+000
  +5.00000000000000000000e+000
  +5.00000000000000000000e+000
  +5.00000000000000000000e+000
  +5.00000000000000000000e+000
  +5.00000000000000000000e+000
  +5.00000000000000000000e+000
  +5.00000000000000000000e+000
  +5.00000000000000000000e+000
  +5.00000000000000000000e+000
  +5.00000000000000000000e+000
  +5.00000000000000000000e+000
  +5.00000000000000000000e+000
  +5.00000000000000000000e+000
  +5.00000000000000000000e+000
  +5.00000000000000000000e+000
  +5.00000000000000000000e+000
  +5.00000000000000000000e+000
  +5.00000000000000000000e+000
  +5.00000000000000000000e+000
  +5.00000000000000000000e+000
  +5.00000000000000000000e+000
  +5.00000000000000000000e+000
  +5.00000000000000000000e+000
  +5.00000000000000000000e+000
  +5.00000000000000000000e+000
  +5.00000000000000000000e+000
  +5.00000000000000000000e+000
  +5.00000000000000000000e+000
  +5.00000000000000000000e+000
  +5.00000000000000000000e+000
  +5.00000000000000000000e+000
  +5.00000000000000000000e+000
  +5.00000000000000000000e+000
  +5.00000000000000000000e+000
  +5.00000000000000000000e+000
  +5.00000000000000000000e+000
  +5.00000000000000000000e+000
  +5.00000000000000000000e+000
  +5.00000000000000000000e+000
  +5.00000000000000000000e+000
  +5.00000000000000000000e+000
  +5.00000000000000000000e+000
  +5.00000000000000000000e+000
  +5.00000000000000000000e+000
  +5.00000000000000000000e+000
  +5.00000000000000000000e+000
  +5.00000000000000000000e+000
  +5.00000000000000000000e+000
  +5.00000000000000000000e+000
  +5.00000000000000000000e+000
  +5.00000000000000000000e+000
  +5.00000000000000000000e+000
  +5.00000000000000000000e+000
  +5.00000000000000000000e+000
  +5.00000000000000000000e+000
  +5.00000000000000000000e+000
  +5.00000000000000000000e+000
  +5.00000000000000000000e+000
  +5.00000000000000000000e+000
  +5.00000000000000000000e+000
  +5.00000000000000000000e+000
  +5.00000000000000000000e+000
  +5.00000000000000000000e+000
  +5.00000000000000000000e+000
  +5.00000000000000000000e+000
  +5.00000000000000000000e+000
  +5.00000000000000000000e+000
  +5.00000000000000000000e+000
  +5.00000000000000000000e+000
  +5.00000000000000000000e+000
  +5.00000000000000000000e+000
  +5.00000000000000000000e+000
  +5.00000000000000000000e+000
  +5.00000000000000000000e+000
  +5.00000000000000000000e+000
</dep>
<dep vtrig.Vt time>
  +5.00000000000000000000e+000
  +5.00000000000000000000e+000
  +5.00000000000000000000e+000
  +5.00000000000000000000e+000
  +5.00000000000000000000e+000
  +5.00000000000000000000e+000
  +5.00000000000000000000e+000
  +5.00000000000000000000e+000
  +5.00000000000000000000e+000
  +5.00000000000000000000e+000
  +5.00000000000000000000e+000
  +5.00000000000000000000e+000
  +5.00000000000000000000e+000
  +5.00000000000000000000e+000
  +5.00000000000000000000e+000
  +5.00000000000000000000e+000
  +5.00000000000000000000e+000
  +5.00000000000000000000e+000
  +5.00000000000000000000e+000
  +5.00000000000000000000e+000
  +5.00000000000000000000e+000
  +5.00000000000000000000e+000
  +5.00000000000000000000e+000
  +5.00000000000000000000e+000
  +5.00000000000000000000e+000
  +5.00000000000000000000e+000
  +5.00000000000000000000e+000
  +5.00000000000000000000e+000
  +5.00000000000000000000e+000
  +5.00000000000000000000e+000
  +5.00000000000000000000e+000
  +5.00000000000000000000e+000
  +5.00000000000000000000e+000
  +5.00000000000000000000e+000
  +5.00000000000000000000e+000
  +5.00000000000000000000e+000
  +5.00000000000000000000e+000
  +5.00000000000000000000e+000
  +5.00000000000000000000e+000
  +5.00000000000000000000e+000
  +5.00000000000000000000e+000
  +5.00000000000000000000e+000
  +5.00000000000000000000e+000
  +5.00000000000000000000e+000
  +5.00000000000000000000e+000
  +5.00000000000000000000e+000
  +5.00000000000000000000e+000
  +5.00000000000000000000e+000
  +5.00000000000000000000e+000
  +5.00000000000000000000e+000
  +5.00000000000000000000e+000
  +5.00000000000000000000e+000
  +5.00000000000000000000e+000
  +5.00000000000000000000e+000
  +5.00000000000000000000e+000
  +5.00000000000000000000e+000
  +5.00000000000000000000e+000
  +5.00000000000000000000e+000
  +5.00000000000000000000e+000
  +5.00000000000000000000e+000
  +5.00000000000000000000e+000
  +5.00000000000000000000e+000
  +5.00000000000000000000e+000
  +5.00000000000000000000e+000
  +5.00000000000000000000e+000
  +5.00000000000000000000e+000
  +5.00000000000000000000e+000
  +5.00000000000000000000e+000
  +5.00000000000000000000e+000
  +5.00000000000000000000e+000
  +5.00000000000000000000e+000
  +5.00000000000000000000e+000
  +5.00000000000000000000e+000
  +5.00000000000000000000e+000
  +5.00000000000000000000e+000
  +5.00000000000000000000e+000
  +5.00000000000000000000e+000
  +5.00000000000000000000e+000
  +5.00000000000000000000e+000
  +5.00000000000000000000e+000
  +5.00000000000000000000e+000
  +5.00000000000000000000e+000
  +5.00000000000000000000e+000
  +5.00000000000000000000e+000
  +5.00000000000000000000e+000
  +5.00000000000000000000e+000
  +5.00000000000000000000e+000
  +5.00000000000000000000e+000
  +5.00000000000000000000e+000
  +5.00000000000000000000e+000
  +5.00000000000000000000e+000
  +5.00000000000000000000e+000
  +5.00000000000000000000e+000
  +5.00000000000000000000e+000
  +5.00000000000000000000e+000
  +5.00000000000000000000e+000
  +5.00000000000000000000e+000
  +5.00000000000000000000e+000
  +5.00000000000000000000e+000
  +5.00000000000000000000e+000
  +5.00000000000000000000e+000
  +0.00000000000000000000e+000
  +0.00000000000000000000e+000
  +0.00000000000000000000e+000
  +0.00000000000000000000e+000
  +0.00000000000000000000e+000
  +0.00000000000000000000e+000
  +0.00000000000000000000e+000
  +0.00000000000000000000e+000
  +0.00000000000000000000e+000
  +0.00000000000000000000e+000
  +0.00000000000000000000e+000
  +0.00000000000000000000e+000
  +0.00000000000000000000e+000
  +0.00000000000000000000e+000
  +0.00000000000000000000e+000
  +0.00000000000000000000e+000
  +5.00000000000000000000e+000
  +5.00000000000000000000e+000
  +5.00000000000000000000e+000
  +5.00000000000000000000e+000
  +5.00000000000000000000e+000
  +5.00000000000000000000e+000
  +5.00000000000000000000e+000
  +5.00000000000000000000e+000
  +5.00000000000000000000e+000
  +5.00000000000000000000e+000
  +5.00000000000000000000e+000
  +5.00000000000000000000e+000
  +5.00000000000000000000e+000
  +5.00000000000000000000e+000
  +5.00000000000000000000e+000
  +5.00000000000000000000e+000
  +5.00000000000000000000e+000
  +5.00000000000000000000e+000
  +5.00000000000000000000e+000
  +5.00000000000000000000e+000
  +5.00000000000000000000e+000
  +5.00000000000000000000e+000
  +5.00000000000000000000e+000
  +5.00000000000000000000e+000
  +5.00000000000000000000e+000
  +5.00000000000000000000e+000
  +5.00000000000000000000e+000
  +5.00000000000000000000e+000
  +5.00000000000000000000e+000
  +5.00000000000000000000e+000
  +5.00000000000000000000e+000
  +5.00000000000000000000e+000
  +5.00000000000000000000e+000
  +5.00000000000000000000e+000
  +5.00000000000000000000e+000
  +5.00000000000000000000e+000
  +5.00000000000000000000e+000
  +5.00000000000000000000e+000
  +5.00000000000000000000e+000
  +5.00000000000000000000e+000
  +5.00000000000000000000e+000
  +5.00000000000000000000e+000
  +5.00000000000000000000e+000
  +5.00000000000000000000e+000
  +5.00000000000000000000e+000
  +5.00000000000000000000e+000
  +5.00000000000000000000e+000
  +5.00000000000000000000e+000
  +5.00000000000000000000e+000
  +5.00000000000000000000e+000
  +5.00000000000000000000e+000
  +5.00000000000000000000e+000
  +5.00000000000000000000e+000
  +5.00000000000000000000e+000
  +5.00000000000000000000e+000
  +5.00000000000000000000e+000
  +5.00000000000000000000e+000
  +5.00000000000000000000e+000
  +5.00000000000000000000e+000
  +5.00000000000000000000e+000
  +5.00000000000000000000e+000
  +5.00000000000000000000e+000
  +5.00000000000000000000e+000
  +5.00000000000000000000e+000
  +5.00000000000000000000e+000
  +5.00000000000000000000e+000
  +5.00000000000000000000e+000
  +5.00000000000000000000e+000
  +5.00000000000000000000e+000
  +5.00000000000000000000e+000
  +5.00000000000000000000e+000
  +5.00000000000000000000e+000
  +5.00000000000000000000e+000
  +5.00000000000000000000e+000
  +5.00000000000000000000e+000
  +5.00000000000000000000e+000
  +5.00000000000000000000e+000
  +5.00000000000000000000e+000
  +5.00000000000000000000e+000
  +5.00000000000000000000e+000
  +5.00000000000000000000e+000
  +5.00000000000000000000e+000
  +5.00000000000000000000e+000
  +5.00000000000000000000e+000
</dep>
<dep vout.Vt time>
  +3.36082146036198296541e-004
  +3.36081793682894102143e-004
  +3.36081777011715341751e-004
  +3.36081773538662550212e-004
  +3.36081773867965758178e-004
  +3.36081861077762379837e-004
  +3.36081760128036316580e-004
  +3.36081779311148826084e-004
  +3.36081796016804239778e-004
  +3.36081790059512451000e-004
  +3.36081784297121669448e-004
  +3.36081786161370442163e-004
  +3.36081788085876244278e-004
  +3.36081787538089872894e-004
  +3.36081786600002808268e-004
  +3.36081788305379425101e-004
  +3.36081788216771647302e-004
  +3.36081787781536791334e-004
  +3.36081787365555143335e-004
  +3.36081787262098295212e-004
  +3.36081787311680974754e-004
  +3.36081787266756461426e-004
  +3.36081787147348776731e-004
  +3.36081787113575879058e-004
  +3.36081787178070783700e-004
  +3.36081787217348663694e-004
  +3.36081787181701939406e-004
  +3.36081787144154337660e-004
  +3.36081787160433524859e-004
  +3.36081787192997049219e-004
  +3.36081787190789396755e-004
  +3.36081787166737943652e-004
  +3.36081787161642085021e-004
  +3.36081787177703510214e-004
  +2.86325917311063026568e-004
  +1.69668236891507131841e-004
  +1.68086332677121978035e-004
  +1.67567644688588487196e-004
  +1.68024193722424131873e-004
  +1.68190190039274302608e-004
  +1.68273171665494271918e-004
  +1.68291469686369297943e-004
  +1.68267221022990240810e-004
  +1.68227191175736252903e-004
  +1.68176181495783677025e-004
  +1.68478377004215940441e-004
  +1.68425830215591872162e-004
  +1.68426977585772020369e-004
  +1.68419143860453038352e-004
  +1.68410969232623896697e-004
  +1.81844273336536363730e-004
  +3.35615023147101143065e-004
  +3.36080634376344797396e-004
  +3.36081752280845537460e-004
  +3.36081787965173317458e-004
  +3.36081797321452523716e-004
  +3.36081781678041586429e-004
  +3.36081787016216855003e-004
  +3.36081775643584201689e-004
  +3.36081792500193463329e-004
  +3.36081786487146306781e-004
  +3.36081787838215465675e-004
  +3.36081786317415757721e-004
  +3.36081779656903338344e-004
  +3.36081787258074170428e-004
  +3.36081792179963997555e-004
  +3.36081787999104671279e-004
  +3.36081783503861301031e-004
  +3.36081785502893425760e-004
  +3.36081789242624281479e-004
  +3.36081788850162556468e-004
  +3.36081786156400513614e-004
  +3.36081785747636941578e-004
  +3.36081787525697496272e-004
  +3.36081788265058217357e-004
  +3.36081787210825832374e-004
  +3.36081786423844620839e-004
  +3.36081786958642195987e-004
  +3.36081787645031401009e-004
  +3.36081787446864776840e-004
  +3.36081786916606485138e-004
  +3.36081786919428500762e-004
  +3.36081787290620510184e-004
  +3.36081787383592581198e-004
  +3.36081787148045159786e-004
  +3.36081787022846100767e-004
  +3.36081787155389382672e-004
  +3.36081787276760611712e-004
  +3.36081787215202919174e-004
  +3.36081787114662629105e-004
  +3.36081787131953702193e-004
  +3.36081787206619344785e-004
  +3.36081787213635379673e-004
  +3.36081787163266111455e-004
  +3.36081787145480967438e-004
  +3.36081787176121713455e-004
  +3.36081787196385452059e-004
  +3.36081787180160583388e-004
  +3.36081787161853396025e-004
  +3.36081787168506819496e-004
  +3.36081787182998428364e-004
  +3.49377795837733495787e+000
  +3.69932117238746460686e+000
  +3.69983064709906761536e+000
  +3.69983191026965574366e+000
  +3.69983191342395967283e+000
  +3.69983191342892148157e+000
  +3.69983191342958273040e+000
  +3.69983191339868477954e+000
  +3.69983191341625206050e+000
  +3.69983191342732231632e+000
  +3.69983191342904760290e+000
  +3.69983191341477413161e+000
  +3.69983191345503614755e+000
  +3.69983191343801598450e+000
  +3.69983191345770290326e+000
  +3.69983191343350670266e+000
  +3.69983191342572892424e+000
  +3.69969794770190629762e+000
  +3.69983527782860921462e+000
  +3.69984591037720411677e+000
  +3.69983634877224298876e+000
  +3.69984605275045064232e+000
  +3.69982673321368249475e+000
  +3.69983377106467248296e+000
  +3.69983090103368628121e+000
  +3.69982956549773023269e+000
  +3.69983310615023341938e+000
  +3.69985325498543993206e+000
  +3.69983709110947511789e+000
  +3.69981324181623527636e+000
  +3.69982304071735912387e+000
  +3.69984284773864180451e+000
  +3.69984100293952877792e+000
  +1.00654985460419932330e+000
  +2.66623078842976668837e-003
  +1.74389339318030650409e-004
  +3.04826559332361526292e-004
  +3.36004307682690025929e-004
  +3.36081596606074232275e-004
  +3.36081787609847414209e-004
  +3.36081790198201912391e-004
  +3.36081783565254628519e-004
  +3.36081791350740480447e-004
  +3.36081787303189991230e-004
  +3.36081784467058271131e-004
  +3.36081789050967315573e-004
  +3.36081788370849786438e-004
  +3.36081785863699808361e-004
  +3.36081788142203203434e-004
  +3.36081788911788499532e-004
  +3.36081787514007845289e-004
  +3.36081788724647723566e-004
  +3.36081790230371654522e-004
  +3.36081790337062786145e-004
  +3.36081791889590694895e-004
  +3.36081794678430763063e-004
  +3.36081797391596555358e-004
  +3.36081801686392031645e-004
  +3.36081808496282736370e-004
  +3.36081817619461457099e-004
  +3.36081830678496755547e-004
  +3.36081849915356961449e-004
  +3.36081261961666615760e-004
  +3.36081567455286816821e-004
  +3.36081799712914606332e-004
  +3.36081940041000888468e-004
  +3.36081772249910459057e-004
  +3.36081715132105886615e-004
  +3.36081815560345287426e-004
  +3.36081809205741812059e-004
  +3.36081776830089739606e-004
  +3.36081773717837259136e-004
  +3.36081782465774909011e-004
  +3.36081784942509817753e-004
  +3.36081782639102190358e-004
  +3.36081781200539976128e-004
  +3.36081781331766115024e-004
  +3.36081781512462935378e-004
  +3.36081781226935636959e-004
  +3.36081780818518413307e-004
  +3.36081780508364655162e-004
  +3.36081780239642327786e-004
  +3.36081779935130161435e-004
  +3.36081779595320980208e-004
  +3.36081779242399620537e-004
  +3.36081778880001249676e-004
  +3.36081778501558800856e-004
  +3.36081778103865149842e-004
  +3.36081777687355820645e-004
  +3.36081777252172410071e-004
  +3.36081776797277499268e-004
  +3.36081776321436995116e-004
  +3.36081775823683951906e-004
  +3.36081775303106121931e-004
  +3.36081774758681644643e-004
  +3.36081774189293737594e-004
  +3.36081773593786803898e-004
  +3.36081772970967624856e-004
  +3.36081772319591156901e-004
  +3.36081771638342967530e-004
</dep>
